{
  "advancedEditorSelectedIdentifier" : "ProjectBrowser",
  "openSceneRelativePaths" : [
    "Scene.usda",
    "ParticleBloom.usda"
  ],
  "recentIdentifiers" : {
    "0B2A15FF-6745-4DB3-B006-9138921DAF43" : [

    ],
    "AF09ED6F-1707-48FD-8720-65B998362C09" : [

    ]
  },
  "sceneCameraHistory" : {
    "0B2A15FF-6745-4DB3-B006-9138921DAF43" : [
      {
        "date" : 774779210.200288,
        "title" : "Untitled",
        "transform" : [
          0.8851846,
          3.7216403e-09,
          -0.4652401,
          0,
          -0.18863337,
          0.9141156,
          -0.35890135,
          0,
          0.42528325,
          0.4054537,
          0.809161,
          0,
          0.37307927,
          0.38549402,
          0.54661834,
          1
        ]
      },
      {
        "date" : 774779205.223519,
        "title" : "Untitled",
        "transform" : [
          0.998878,
          3.4229253e-10,
          -0.04735886,
          0,
          -0.016347462,
          0.9385355,
          -0.3447955,
          0,
          0.044447966,
          0.34518278,
          0.93748236,
          0,
          0.11826144,
          0.3433447,
          0.6786692,
          1
        ]
      }
    ],
    "AF09ED6F-1707-48FD-8720-65B998362C09" : [
      {
        "date" : 774778912.554273,
        "title" : "Untitled",
        "transform" : [
          0.7540708,
          -2.4952946e-09,
          -0.65679306,
          0,
          -0.4141651,
          0.77611864,
          -0.47550708,
          0,
          0.50974935,
          0.6305868,
          0.5852485,
          0,
          0.504574,
          0.6136598,
          0.67351484,
          1
        ]
      },
      {
        "date" : 774778902.317791,
        "title" : "Untitled",
        "transform" : [
          0.9395429,
          -8.492039e-09,
          -0.3424312,
          0,
          -0.24113694,
          0.71001095,
          -0.6616174,
          0,
          0.24312991,
          0.70419073,
          0.66708577,
          0,
          0.09544913,
          0.33169296,
          0.35443008,
          1
        ]
      },
      {
        "date" : 774778884.349965,
        "title" : "Untitled",
        "transform" : [
          0.9395429,
          -8.492039e-09,
          -0.3424312,
          0,
          -0.24113694,
          0.71001095,
          -0.6616174,
          0,
          0.24312991,
          0.70419073,
          0.66708577,
          0,
          0.02062088,
          0.11496377,
          0.14912069,
          1
        ]
      },
      {
        "date" : 774778876.632204,
        "title" : "Untitled",
        "transform" : [
          0.6121548,
          -1.3673102e-08,
          -0.790738,
          0,
          -0.29498124,
          0.9278132,
          -0.22836153,
          0,
          0.7336571,
          0.37304538,
          0.56796527,
          0,
          0.48071787,
          0.28008,
          0.39935476,
          1
        ]
      }
    ],
    "D18B698D-701D-46AC-B507-387131186A5F" : [
      {
        "date" : 774884903.287289,
        "title" : "Untitled",
        "transform" : [
          0.9992216,
          3.4521364e-10,
          0.03944788,
          0,
          0.02098557,
          0.84675556,
          -0.53156805,
          0,
          -0.03340271,
          0.5319821,
          0.8460965,
          0,
          -0.022315629,
          0.35540584,
          0.5652588,
          1
        ]
      },
      {
        "date" : 774884232.259316,
        "title" : "Untitled",
        "transform" : [
          0.9992216,
          3.4521364e-10,
          0.03944788,
          0,
          0.02098557,
          0.84675556,
          -0.53156805,
          0,
          -0.03340271,
          0.5319821,
          0.8460965,
          0,
          -0.04506735,
          0.71775705,
          1.1415639,
          1
        ]
      },
      {
        "date" : 774873545.310167,
        "title" : "Untitled",
        "transform" : [
          0.9992216,
          3.4521364e-10,
          0.03944788,
          0,
          0.02098557,
          0.84675556,
          -0.53156805,
          0,
          -0.03340271,
          0.5319821,
          0.8460965,
          0,
          -0.026396595,
          0.4204006,
          0.66863036,
          1
        ]
      },
      {
        "date" : 774873429.193395,
        "title" : "Untitled",
        "transform" : [
          0.9999517,
          1.8205243e-11,
          0.009827932,
          0,
          0.0027003286,
          0.9615128,
          -0.2747473,
          0,
          -0.009449682,
          0.27476054,
          0.96146625,
          0,
          -0.00746764,
          0.21713042,
          0.7598017,
          1
        ]
      },
      {
        "date" : 774873385.048563,
        "title" : "Untitled",
        "transform" : [
          1,
          0,
          0,
          0,
          0,
          0.9833389,
          -0.18178229,
          0,
          0,
          0.18178226,
          0.98333883,
          0,
          0,
          0.14365403,
          0.7770865,
          1
        ]
      },
      {
        "date" : 774873363.633001,
        "title" : "Untitled",
        "transform" : [
          1,
          0,
          0,
          0,
          0,
          0.7071069,
          -0.70710677,
          0,
          0,
          0.70710677,
          0.7071069,
          0,
          0,
          0.92181927,
          0.9218194,
          1
        ]
      }
    ],
    "D66134B1-3681-4A8E-AFE5-29F257229F3B" : [
      {
        "date" : 774779176.945568,
        "title" : "Untitled",
        "transform" : [
          0.5929784,
          -5.003631e-09,
          0.80521834,
          0,
          0.32208672,
          0.91651547,
          -0.23719089,
          0,
          -0.73799515,
          0.39999923,
          0.5434738,
          0,
          -0.52151024,
          0.28423384,
          0.40613422,
          1
        ]
      },
      {
        "date" : 774778942.964894,
        "title" : "Untitled",
        "transform" : [
          0.63292664,
          -1.2522251e-09,
          0.77421176,
          0,
          0.48810634,
          0.77622515,
          -0.3990323,
          0,
          -0.6009627,
          0.63045585,
          0.49129352,
          0,
          -0.42286456,
          0.4505315,
          0.36866486,
          1
        ]
      },
      {
        "date" : 774778927.85574,
        "title" : "Untitled",
        "transform" : [
          0.63292664,
          -1.2522251e-09,
          0.77421176,
          0,
          0.48810634,
          0.77622515,
          -0.3990323,
          0,
          -0.6009627,
          0.63045585,
          0.49129352,
          0,
          -0.6477035,
          0.6900811,
          0.5646856,
          1
        ]
      },
      {
        "date" : 774778925.137227,
        "title" : "Untitled",
        "transform" : [
          1,
          0,
          0,
          0,
          0,
          0.7071069,
          -0.70710677,
          0,
          0,
          0.70710677,
          0.7071069,
          0,
          -0.0025865505,
          0.7707148,
          0.76444525,
          1
        ]
      }
    ]
  },
  "sceneViewportBackgroundColors" : {

  },
  "selectedSceneRelativePath" : "ParticleBloom.usda"
}